² MARTIAL

ΜΟ

1133431113 1,,,3131313,13,31,33,,33
33, 43, 43, 33, 33, 33, 33, 31, 34, 31333, 33, 33,
3313333133131,134,133,111,113,113,11

11-1, 3, 3, 11, 13, 13, 3ο, 31, 33 3ο, 33, 33, 43, 44, 1
33, 57, 79, 90, 91, 33, 33.

111-3, 3, 3, 11, 13, 14, 3ο, 33333, 33, 33, 33, 43, 43, ,ν ⁴

55, 00. 7
10- 13, 3, 13, 13, 14, 13, 34, 51, 39, 34, 4041 , 49, 1 7

04, 72, 77, 89.

3-3, 3, 3, 3, 13,1 1,,413 13,·33, 33, 34, 31, 34, 43,4
43, 33, 33, 33, 34. ’

- ’ vl-1,5,9,11, 1313,13,31),33,33,34,33,43, 31, 51
53, 70, 75, 50, 33, 33.

vll-3,11,15,17, 19,20,27‚31,33,37, 33, 41, 45, 47, 4
51, 51, 79, 54, 95.

V111 -3, 3, 13, 13, 13, 33, 33, 33, 43, 43, 50, 55, 73, 51.
ΙΧ-1,11,1331),36,33,43,33,33,38,33, 131.

x-5, 3, 13, 34, 33, 33, 43, 43, 43, 33, 33, 33, 33,
33, 33.

xl-l, 13, 14, 15, 34, 57, 39, 43, 43, 33, 79, 33, 34, 33.
311-3,13,31,33,31,33,43,33.

 

